.Random.seed <-
c(10403L, 10L, 1811087947L, 1521481722L, 689918716L, -508569793L, 
-1491199979L, 319777580L, -1845633022L, -1461392675L, 765260247L, 
379223230L, -1173317896L, 1764615387L, -854894791L, 1694057096L, 
2549302L, -571984271L, -973110109L, -736489998L, 698015044L, 
479682055L, 227924957L, 955970772L, 204082170L, 534076229L, 1503403935L, 
1749849382L, -779444816L, 1301313107L, 1104744817L, -336373600L, 
-607229890L, -2118295735L, 512525819L, 2048543178L, -457922772L, 
-732694737L, -535390747L, -392939364L, 1407937778L, 1258562925L, 
-1035394393L, -215626546L, -1335975384L, 589435435L, -1365657527L, 
1349658968L, 1808297990L, -1882938911L, 428149619L, -1482981406L, 
1596249940L, 1888328279L, -1193813427L, 1396350436L, -1986644022L, 
-1514595787L, 52912271L, 1782579606L, -1807393472L, 595988483L, 
1308152353L, 868594960L, -453674258L, 397051545L, 779478827L, 
-312958438L, 584999132L, -1079059233L, -1153488203L, 1552047180L, 
-1252081502L, 1985224701L, 2075548919L, 146303518L, 405152984L, 
-811927493L, 1322197465L, 1912567656L, 907475606L, -279100399L, 
-756285L, 1762351570L, 454840420L, -545976409L, 748372221L, -1185041164L, 
-1288154150L, 1355679525L, -1820258753L, -1355385402L, 2085245520L, 
-1157517709L, -1691213167L, -1282516288L, 1389296798L, 1496854633L, 
2049322139L, -1172511318L, -1350924852L, -1921947505L, -225040187L, 
-1337137028L, -1556699950L, -1438073779L, 1128639751L, -552480530L, 
1901461960L, -311310645L, 1357125417L, 1967300472L, 999146662L, 
750028481L, -384073901L, 76397570L, 874252596L, -1485339977L, 
-1100308819L, 2107936708L, 602142698L, 138254421L, 1510180335L, 
-492638730L, -734586080L, -256396061L, 287781249L, -894285840L, 
-1079646578L, 340527609L, 743981963L, -70611014L, 146710204L, 
741619199L, 758133589L, 1790641260L, 747397314L, 1955726109L, 
1781094807L, -1526439682L, -1658694984L, -555316069L, 208395001L, 
1509428296L, -1517883530L, -400295247L, -1623581981L, -1535567438L, 
-750892540L, -1171054265L, 1789135901L, -273202540L, 1622977082L, 
-61021051L, 14571871L, -70215194L, -775362448L, 152238995L, 1218374705L, 
-132128032L, -498633858L, -897471991L, -2048204229L, -606495734L, 
1438286828L, -1987860369L, 455559077L, -1887547556L, -787868878L, 
-646440403L, -404023065L, 1967258126L, 668297192L, -468223509L, 
-831788407L, 1089520152L, -1312036538L, 867551137L, -713209293L, 
-1741166686L, -1703026028L, 106641687L, -1142348019L, 1727798820L, 
-1747679734L, -879378571L, 1952811727L, -1824600618L, 986202496L, 
-1715529277L, -1856352415L, -1543309872L, 108979502L, 821810393L, 
214609643L, 231361370L, 1004645660L, -957715425L, 15061109L, 
1478577420L, -7135006L, 1065511357L, 1249308215L, -544193314L, 
-1425571816L, 1123434363L, 739876633L, -85482584L, 1223873366L, 
1848036305L, 1300864899L, -645076462L, 253271460L, 722512231L, 
-1820428611L, 1497718324L, -1659042406L, -840588827L, 1189875071L, 
-1737972474L, -2022883696L, -232491213L, 1415988433L, -750289280L, 
-1124825250L, 2077664425L, 1401395035L, -81482390L, 1593909260L, 
1094973426L, -498111232L, 841774452L, 1881663496L, -2127260742L, 
-824220208L, -1331269652L, 493030804L, 1615772114L, -2004737696L, 
-1953969332L, -1587775200L, -546056318L, -1808636184L, 885895404L, 
777459772L, -1554616462L, 265211504L, 1180400676L, -1321208008L, 
317736090L, -850631984L, 791922876L, -1425275244L, 1588530818L, 
-1650194240L, -293388484L, -1910734704L, 943785506L, 498535432L, 
-143987444L, 117562524L, 576872978L, -135433344L, -1309297132L, 
1768547880L, -1869968070L, 46052816L, 2129928300L, -1751190220L, 
-2014477678L, 1795589984L, -1758445748L, -1260601376L, -113611870L, 
-1700512856L, 846969228L, 695366844L, 1168400754L, 1572282608L, 
732569668L, -107836072L, -963599814L, -1293766800L, -1636328388L, 
1037671188L, 1608455618L, -1249941792L, -1139698820L, -1844407600L, 
213771426L, -1803991000L, -926164724L, -1895857220L, 1832326450L, 
1095774656L, 2000073268L, 1470678984L, -931261254L, -1661036144L, 
-194469396L, -208253356L, 1188449426L, -2036884704L, 311398860L, 
197021152L, 1397399234L, -987848664L, 870084268L, 1991004348L, 
-431917582L, -148419280L, 1676702884L, 835359416L, 1952033114L, 
1137480080L, -680870020L, -254322412L, -1729233086L, 700677888L, 
1190167484L, 874908496L, -419639518L, 1157596488L, 1140057612L, 
-2098646948L, 1025456338L, 1611769344L, -2081625772L, 283735528L, 
-1661742086L, 2045721808L, -1829082836L, 1714738932L, 995440018L, 
1401397344L, 291742988L, 493851360L, 621696354L, -126498136L, 
1633055308L, -1801884292L, -1561603790L, -1418552208L, 1398350660L, 
1636145624L, -62296966L, -1738973648L, 75133628L, -1774318764L, 
1117716546L, 375884192L, -1575962948L, 1720579536L, 623250786L, 
1648541672L, -672264244L, -2053072132L, 872746482L, 753845376L, 
1443578100L, -955768184L, 1701208890L, -1408188592L, 92467820L, 
-581502828L, 1424712018L, 723691232L, -2343220L, 1516011680L, 
1425442690L, -1848727832L, -183116052L, 30851132L, -1168478606L, 
902306928L, -1288158684L, 1483059256L, 1494390810L, 872421072L, 
1985862716L, 517702804L, 1347250306L, 1402736576L, -2125493956L, 
-306213232L, 1177995298L, 1268484104L, -1236239220L, 28316700L, 
-1982774638L, 1900023936L, 839492628L, 469598504L, 377059898L, 
1833014480L, -1238516628L, 243113652L, -2022971374L, -1472516128L, 
1680174028L, 1592018400L, -1392444894L, -2068286168L, -2057900788L, 
-1249688004L, -873654030L, 1639466736L, -471376060L, -1525807528L, 
-1221596614L, -551448848L, -1434306372L, 1447492116L, 825851074L, 
1942670432L, 252554620L, 1228159184L, -808063966L, 446260904L, 
1261726604L, -1788406340L, 1923785778L, -1970516160L, 1125901492L, 
1076911944L, 791417530L, -949125360L, -1109981972L, -856077228L, 
2016292626L, 312377248L, -1024392244L, -116139168L, 906413250L, 
1028570664L, 1649933740L, -1886573764L, 998627186L, 1895825200L, 
259511844L, -110302152L, -2116097830L, -245564016L, -1590142212L, 
2076607380L, 166321986L, 1693672960L, -1063096772L, 870617680L, 
249953954L, 1814621000L, -1637424628L, -512993060L, 1137777234L, 
632125568L, 653681492L, -460381611L, -441732353L, -1165846632L, 
380115126L, 956779843L, -1047868283L, 589837602L, 1822350864L, 
-2034098759L, -301719957L, 2067755356L, -1928607606L, 1637056639L, 
-1538117175L, -1787399586L, 1488496908L, 561941725L, 2136918503L, 
-1541639664L, -79253714L, -1354607653L, -2032819011L, -375450070L, 
-1249670456L, -925388815L, -1024171677L, 636440932L, -158985070L, 
-536401561L, 874261297L, 1478955126L, 253217172L, -693965403L, 
-1542003025L, 1959124840L, 2136929094L, 1646428915L, 1513954389L, 
-579661774L, -110162432L, 1113521897L, 1936538971L, 1322037164L, 
-1111739462L, 368586095L, -2101590279L, -331776114L, 2096470620L, 
-1887995699L, 710289463L, -942689600L, -1930680930L, 1918707307L, 
-305758739L, 649366618L, 975911704L, -912170879L, -625027533L, 
1643211860L, -1742763934L, -1198506249L, -477064895L, 1853163462L, 
-130204412L, -2006600523L, 2030687135L, -1125770248L, 1053644246L, 
833170531L, -1475323867L, 1776050114L, -1708608336L, -2075229991L, 
-485730741L, -1625568068L, 1825960682L, -1018735841L, -1193403479L, 
-1836552898L, 1007178796L, 560673405L, -386339641L, -1178732112L, 
1370211278L, -573169413L, 1887332189L, 1036453002L, -147598680L, 
2034056721L, 492891907L, -1699395068L, 1404957234L, 587649671L, 
711010001L, -1676963754L, -847220684L, -874359995L, 1599758735L, 
176441608L, 1588466470L, 1942531027L, 1749929269L, 1549503634L, 
1197737056L, -123493943L, 979753211L, -880908596L, 1598741338L, 
-632119729L, -812590311L, -1906776786L, -1372152004L, 462511277L, 
-291156137L, -1125809504L, 1707658238L, 1417505483L, -1593217843L, 
-1212256262L, -1905310664L, -1308187167L, 715493011L, 870866100L, 
1365296578L, -1201875497L, 1696021025L, 871819750L, -724238108L, 
-484827115L, 1978892351L, -1834004520L, -838815242L, -2101915133L, 
-843283131L, -1283927710L, -1748665648L, -169667079L, 1277762859L, 
1047346844L, 828746954L, -41040449L, -1293952759L, 1417656862L, 
1103198156L, 1545053597L, 417169447L, 631598672L, 671816430L, 
